25,5
43,35
33,4
25,4
33,7
33,5
33,67
33,3
3,2
3,1
3,3
10,296
10,212
10,200
10,118
10,188
10,232
10,15
10,113
10,2
10,3
11,6
11,26
11,23
11,4
11,14
11,2
11,3
9,7
9,6
9,4
9,2
9,3
8,8
8,6
8,5
8,16
8,2
8,3
0,318
35,10
35,9
35,8
35,7
35,6
35,5
35,4
35,3
35,2
35,1
35,0
34,5
34,4
34,3
34,2
34,1
34,0
33,105
33,104
33,103
33,102
33,101
33,100
33,99
33,98
33,97
33,96
33,95
33,94
33,93
33,92
33,91
33,90
33,89
33,88
33,87
33,86
33,85
33,84
33,83
33,82
33,81
33,80
33,79
33,78
33,77
33,76
33,75
33,74
33,73
33,72
33,71
33,70
33,69
33,68
33,1
33,6
33,2
33,0
32,4
32,3
32,1
31,6
31,5
31,3
31,1
30,4
30,3
30,1
29,4
29,3
29,1
28,5
28,4
28,3
28,1
27,1
27,4
25,1
19,1
25,3
24,5
